Pulse Height /electron (V);

9.617189446e-10

Npe*G_PMT  t_b (ns)  t_r (ns)  t_f (ns);

3.2e+06    -6.585    2.445    3.845
3.3e+06    -6.585    2.115    4.205
3.4e+06    -6.585    1.885    4.465
3.5e+06    -6.585    1.695    4.685
3.6e+06    -6.585    1.535    4.875
3.7e+06    -6.585    1.395    5.045
3.8e+06    -6.585    1.275    5.205
3.9e+06    -6.585    1.155    5.345
4e+06    -6.585    1.055    5.485
4.1e+06    -6.585    0.965    5.605
4.2e+06    -6.585    0.875    5.725
4.3e+06    -6.585    0.785    5.835
4.4e+06    -6.585    0.705    5.935
4.5e+06    -6.585    0.635    6.035
4.6e+06    -6.585    0.565    6.135
4.7e+06    -6.585    0.505    6.225
4.8e+06    -6.585    0.435    6.315
4.9e+06    -6.585    0.375    6.405
5e+06    -6.585    0.325    6.485
5.1e+06    -6.585    0.265    6.565
5.2e+06    -6.585    0.215    6.635
5.3e+06    -6.585    0.165    6.715
5.4e+06    -6.585    0.115    6.785
5.5e+06    -6.585    0.065    6.855
5.6e+06    -6.585    0.025    6.925
5.7e+06    -6.585    -0.025    6.985
5.8e+06    -6.585    -0.065    7.055
5.9e+06    -6.585    -0.105    7.115
6e+06    -6.585    -0.145    7.175
6.1e+06    -6.585    -0.185    7.235
6.2e+06    -6.585    -0.225    7.295
6.3e+06    -6.585    -0.255    7.345
6.4e+06    -6.585    -0.295    7.405
6.5e+06    -6.585    -0.325    7.455
6.6e+06    -6.585    -0.365    7.505
6.7e+06    -6.585    -0.395    7.565
6.8e+06    -6.585    -0.425    7.615
6.9e+06    -6.585    -0.455    7.665
7e+06    -6.585    -0.485    7.715
7.1e+06    -6.585    -0.515    7.755
7.2e+06    -6.585    -0.545    7.805
7.3e+06    -6.585    -0.575    7.855
7.4e+06    -6.585    -0.605    7.895
7.5e+06    -6.585    -0.625    7.945
7.6e+06    -6.585    -0.655    7.985
7.7e+06    -6.585    -0.685    8.025
7.8e+06    -6.585    -0.705    8.065
7.9e+06    -6.585    -0.735    8.105
8e+06    -6.585    -0.755    8.155
8.1e+06    -6.585    -0.775    8.195
8.2e+06    -6.585    -0.805    8.225
8.3e+06    -6.585    -0.825    8.265
8.4e+06    -6.585    -0.845    8.305
8.5e+06    -6.585    -0.865    8.345
8.6e+06    -6.585    -0.895    8.385
8.7e+06    -6.585    -0.915    8.415
8.8e+06    -6.585    -0.935    8.455
8.9e+06    -6.585    -0.955    8.485
9e+06    -6.585    -0.975    8.525
9.1e+06    -6.585    -0.995    8.555
9.2e+06    -6.585    -1.015    8.595
9.3e+06    -6.585    -1.035    8.625
9.4e+06    -6.585    -1.055    8.655
9.5e+06    -6.585    -1.065    8.695
9.6e+06    -6.585    -1.085    8.725
9.7e+06    -6.585    -1.105    8.755
9.8e+06    -6.585    -1.125    8.785
9.9e+06    -6.585    -1.145    8.815
1e+07    -6.585    -1.155    8.845
1.1e+07    -6.585    -1.315    9.135
1.2e+07    -6.585    -1.455    9.395
1.3e+07    -6.585    -1.585    9.635
1.4e+07    -6.585    -1.695    9.845
1.5e+07    -6.585    -1.795    10.04
1.6e+07    -6.585    -1.885    10.22
1.7e+07    -6.585    -1.975    10.4
1.8e+07    -6.585    -2.055    10.56
1.9e+07    -6.585    -2.125    10.71
2e+07    -6.585    -2.195    10.85
2.1e+07    -6.585    -2.255    10.99
2.2e+07    -6.585    -2.315    11.11
2.3e+07    -6.585    -2.375    11.22
2.4e+07    -6.585    -2.425    11.35
2.5e+07    -6.585    -2.475    11.46
2.6e+07    -6.585    -2.525    11.56
2.7e+07    -6.585    -2.575    11.67
2.8e+07    -6.585    -2.615    11.76
2.9e+07    -6.585    -2.655    11.86
3e+07    -6.585    -2.695    11.95
3.1e+07    -6.585    -2.735    12.03
3.2e+07    -6.585    -2.775    12.12
3.3e+07    -6.585    -2.805    12.2
3.4e+07    -6.585    -2.845    12.28
3.5e+07    -6.585    -2.875    12.35
3.6e+07    -6.585    -2.905    12.43
3.7e+07    -6.585    -2.945    12.5
3.8e+07    -6.585    -2.975    12.57
3.9e+07    -6.585    -2.995    12.63
4e+07    -6.585    -3.025    12.7
4.1e+07    -6.585    -3.055    12.77
4.2e+07    -6.585    -3.085    12.83
4.3e+07    -6.585    -3.105    12.88
4.4e+07    -6.585    -3.135    12.95
4.5e+07    -6.585    -3.155    13.01
4.6e+07    -6.585    -3.185    13.06
4.7e+07    -6.585    -3.205    13.12
4.8e+07    -6.585    -3.225    13.17
4.9e+07    -6.585    -3.245    13.22
5e+07    -6.585    -3.265    13.28
5.1e+07    -6.585    -3.295    13.33
5.2e+07    -6.585    -3.315    13.38
5.3e+07    -6.585    -3.335    13.43
5.4e+07    -6.585    -3.355    13.47
5.5e+07    -6.585    -3.365    13.52
5.6e+07    -6.585    -3.385    13.57
5.7e+07    -6.585    -3.405    13.61
5.8e+07    -6.585    -3.425    13.66
5.9e+07    -6.585    -3.445    13.7
6e+07    -6.585    -3.455    13.75
6.1e+07    -6.585    -3.475    13.79
6.2e+07    -6.585    -3.495    13.83
6.3e+07    -6.585    -3.505    13.87
6.4e+07    -6.585    -3.525    13.91
6.5e+07    -6.585    -3.545    13.95
6.6e+07    -6.585    -3.555    13.99
6.7e+07    -6.585    -3.575    14.03
6.8e+07    -6.585    -3.585    14.06
6.9e+07    -6.585    -3.605    14.1
7e+07    -6.585    -3.615    14.13
7.1e+07    -6.585    -3.625    14.17
7.2e+07    -6.585    -3.645    14.21
7.3e+07    -6.585    -3.655    14.24
7.4e+07    -6.585    -3.665    14.28
7.5e+07    -6.585    -3.685    14.31
7.6e+07    -6.585    -3.695    14.34
7.7e+07    -6.585    -3.705    14.38
7.8e+07    -6.585    -3.725    14.41
7.9e+07    -6.585    -3.735    14.44
8e+07    -6.585    -3.745    14.47
8.1e+07    -6.585    -3.755    14.5
8.2e+07    -6.585    -3.765    14.53
8.3e+07    -6.585    -3.785    14.56
8.4e+07    -6.585    -3.795    14.59
8.5e+07    -6.585    -3.805    14.62
8.6e+07    -6.585    -3.815    14.65
8.7e+07    -6.585    -3.825    14.68
8.8e+07    -6.585    -3.835    14.71
8.9e+07    -6.585    -3.845    14.74
9e+07    -6.585    -3.855    14.77
9.1e+07    -6.585    -3.865    14.79
9.2e+07    -6.585    -3.875    14.82
9.3e+07    -6.585    -3.895    14.85
9.4e+07    -6.585    -3.905    14.88
9.5e+07    -6.585    -3.915    14.9
9.6e+07    -6.585    -3.925    14.93
9.7e+07    -6.585    -3.925    14.95
9.8e+07    -6.585    -3.935    14.97
9.9e+07    -6.585    -3.945    15
1e+08    -6.585    -3.955    15.03
1.01e+08    -6.585    -3.965    15.04
1.02e+08    -6.585    -3.975    15.08
1.03e+08    -6.585    -3.985    15.1
1.04e+08    -6.585    -3.995    15.13
1.05e+08    -6.585    -4.005    15.15
1.06e+08    -6.585    -4.015    15.17
1.07e+08    -6.585    -4.025    15.2
1.08e+08    -6.585    -4.035    15.22
1.09e+08    -6.585    -4.035    15.24
1.1e+08    -6.585    -4.045    15.27
1.11e+08    -6.585    -4.055    15.29
1.12e+08    -6.585    -4.065    15.31
1.13e+08    -6.585    -4.075    15.33
1.14e+08    -6.585    -4.075    15.35
1.15e+08    -6.585    -4.085    15.38
1.16e+08    -6.585    -4.095    15.4
1.17e+08    -6.585    -4.105    15.42
1.18e+08    -6.585    -4.115    15.44
1.19e+08    -6.585    -4.115    15.46
1.2e+08    -6.585    -4.125    15.47
1.21e+08    -6.585    -4.135    15.5
1.22e+08    -6.585    -4.145    15.52
1.23e+08    -6.585    -4.145    15.54
1.24e+08    -6.585    -4.155    15.56
1.25e+08    -6.585    -4.165    15.58
1.26e+08    -6.585    -4.175    15.6
1.27e+08    -6.585    -4.175    15.62
1.28e+08    -6.585    -4.185    15.63
1.29e+08    -6.585    -4.195    15.66
1.3e+08    -6.585    -4.195    15.68
1.31e+08    -6.585    -4.205    15.7
1.32e+08    -6.585    -4.215    15.72
1.33e+08    -6.585    -4.215    15.74
1.34e+08    -6.585    -4.225    15.75
1.35e+08    -6.585    -4.235    15.77
1.36e+08    -6.585    -4.235    15.79
1.37e+08    -6.585    -4.245    15.81
1.38e+08    -6.585    -4.255    15.83
1.39e+08    -6.585    -4.255    15.84
1.4e+08    -6.585    -4.265    15.86
1.41e+08    -6.585    -4.275    15.88
1.42e+08    -6.585    -4.275    15.9
1.43e+08    -6.585    -4.285    15.91
1.44e+08    -6.585    -4.295    15.93
1.45e+08    -6.585    -4.295    15.95
1.46e+08    -6.585    -4.305    15.96
1.47e+08    -6.585    -4.305    15.98
1.48e+08    -6.585    -4.315    16
1.49e+08    -6.585    -4.325    16
1.5e+08    -6.585    -4.325    16.02
1.51e+08    -6.585    -4.335    16.04
1.52e+08    -6.585    -4.335    16.05
1.53e+08    -6.585    -4.345    16.07
1.54e+08    -6.585    -4.345    16.09
1.55e+08    -6.585    -4.355    16.11
1.56e+08    -6.585    -4.365    16.12
1.57e+08    -6.585    -4.365    16.13
1.58e+08    -6.585    -4.375    16.16
1.59e+08    -6.585    -4.375    16.16
1.6e+08    -6.585    -4.385    16.18
1.61e+08    -6.585    -4.385    16.2
1.62e+08    -6.585    -4.395    16.21
1.63e+08    -6.585    -4.395    16.23
1.64e+08    -6.585    -4.405    16.25
1.65e+08    -6.585    -4.415    16.25
1.66e+08    -6.585    -4.415    16.27
1.67e+08    -6.585    -4.425    16.29
1.68e+08    -6.585    -4.425    16.3
1.69e+08    -6.585    -4.435    16.32
1.7e+08    -6.585    -4.435    16.34
1.71e+08    -6.585    -4.445    16.34
1.72e+08    -6.585    -4.445    16.36
1.73e+08    -6.585    -4.455    16.38
1.74e+08    -6.585    -4.455    16.38
1.75e+08    -6.585    -4.465    16.41
1.76e+08    -6.585    -4.465    16.41
1.77e+08    -6.585    -4.475    16.43
1.78e+08    -6.585    -4.475    16.45
1.79e+08    -6.585    -4.485    16.45
1.8e+08    -6.585    -4.485    16.48
1.81e+08    -6.585    -4.495    16.48
1.82e+08    -6.585    -4.495    16.5
1.83e+08    -6.585    -4.495    16.52
1.84e+08    -6.585    -4.505    16.52
1.85e+08    -6.585    -4.505    16.54
1.86e+08    -6.585    -4.515    16.55
1.87e+08    -6.585    -4.515    16.57
1.88e+08    -6.585    -4.525    16.57
1.89e+08    -6.585    -4.525    16.59
1.9e+08    -6.585    -4.535    16.61
1.91e+08    -6.585    -4.535    16.61
1.92e+08    -6.585    -4.545    16.62
1.93e+08    -6.585    -4.545    16.64
1.94e+08    -6.585    -4.545    16.66
1.95e+08    -6.585    -4.555    16.66
1.96e+08    -6.585    -4.555    16.68
1.97e+08    -6.585    -4.565    16.7
1.98e+08    -6.585    -4.565    16.7
1.99e+08    -6.585    -4.575    16.71
2e+08    -6.585    -4.575    16.73
2.01e+08    -6.585    -4.575    16.75
2.02e+08    -6.585    -4.585    16.75
2.03e+08    -6.585    -4.585    16.77
2.04e+08    -6.585    -4.595    16.77
2.05e+08    -6.585    -4.595    16.79
2.06e+08    -6.585    -4.605    16.79
2.07e+08    -6.585    -4.605    16.82
2.08e+08    -6.585    -4.605    16.82
2.09e+08    -6.585    -4.615    16.84
2.1e+08    -6.585    -4.615    16.84
2.11e+08    -6.585    -4.625    16.86
2.12e+08    -6.585    -4.625    16.86
2.13e+08    -6.585    -4.625    16.88
2.14e+08    -6.585    -4.635    16.89
2.15e+08    -6.585    -4.635    16.91
2.16e+08    -6.585    -4.645    16.91
2.17e+08    -6.585    -4.645    16.93
2.18e+08    -6.585    -4.645    16.93
2.19e+08    -6.585    -4.655    16.95
2.2e+08    -6.585    -4.655    16.95
2.21e+08    -6.585    -4.655    16.98
2.22e+08    -6.585    -4.665    16.98
2.23e+08    -6.585    -4.665    17
2.24e+08    -6.585    -4.675    17
2.25e+08    -6.585    -4.675    17.01
2.26e+08    -6.585    -4.675    17.03
2.27e+08    -6.585    -4.685    17.04
2.28e+08    -6.585    -4.685    17.04
2.29e+08    -6.585    -4.685    17.05
2.3e+08    -6.585    -4.695    17.07
2.31e+08    -6.585    -4.695    17.07
2.32e+08    -6.585    -4.695    17.08
2.33e+08    -6.585    -4.705    17.1
2.34e+08    -6.585    -4.705    17.11
2.35e+08    -6.585    -4.715    17.11
2.36e+08    -6.585    -4.715    17.12
2.37e+08    -6.585    -4.715    17.14
2.38e+08    -6.585    -4.725    17.14
2.39e+08    -6.585    -4.725    17.17
2.4e+08    -6.585    -4.725    17.18
2.41e+08    -6.585    -4.735    17.18
2.42e+08    -6.585    -4.735    17.19
2.43e+08    -6.585    -4.735    17.21
2.44e+08    -6.585    -4.745    17.21
2.45e+08    -6.585    -4.745    17.22
2.46e+08    -6.585    -4.745    17.22
2.47e+08    -6.585    -4.755    17.24
2.48e+08    -6.585    -4.755    17.25
2.49e+08    -6.585    -4.755    17.25
2.5e+08    -6.585    -4.765    17.26
2.51e+08    -6.585    -4.765    17.28
2.52e+08    -6.585    -4.765    17.29
2.53e+08    -6.585    -4.775    17.29
2.54e+08    -6.585    -4.775    17.3
2.55e+08    -6.585    -4.775    17.32
2.56e+08    -6.585    -4.785    17.32
2.57e+08    -6.585    -4.785    17.33
2.58e+08    -6.585    -4.785    17.35
2.59e+08    -6.585    -4.795    17.36
2.6e+08    -6.585    -4.795    17.36
2.61e+08    -6.585    -4.795    17.37
2.62e+08    -6.585    -4.805    17.39
2.63e+08    -6.585    -4.805    17.39
2.64e+08    -6.585    -4.805    17.4
2.65e+08    -6.585    -4.805    17.4
2.66e+08    -6.585    -4.815    17.42
2.67e+08    -6.585    -4.815    17.43
2.68e+08    -6.585    -4.815    17.43
2.69e+08    -6.585    -4.825    17.44
2.7e+08    -6.585    -4.825    17.46
2.71e+08    -6.585    -4.825    17.46
2.72e+08    -6.585    -4.835    17.47
2.73e+08    -6.585    -4.835    17.49
2.74e+08    -6.585    -4.835    17.5
2.75e+08    -6.585    -4.835    17.5
2.76e+08    -6.585    -4.845    17.5
2.77e+08    -6.585    -4.845    17.51
2.78e+08    -6.585    -4.845    17.53
2.79e+08    -6.585    -4.855    17.54
2.8e+08    -6.585    -4.855    17.54
2.81e+08    -6.585    -4.855    17.55
2.82e+08    -6.585    -4.865    17.55
2.83e+08    -6.585    -4.865    17.57
2.84e+08    -6.585    -4.865    17.57
2.85e+08    -6.585    -4.865    17.58
2.86e+08    -6.585    -4.875    17.6
2.87e+08    -6.585    -4.875    17.61
2.88e+08    -6.585    -4.875    17.61
2.89e+08    -6.585    -4.875    17.61
2.9e+08    -6.585    -4.885    17.62
2.91e+08    -6.585    -4.885    17.64
2.92e+08    -6.585    -4.885    17.64
2.93e+08    -6.585    -4.895    17.65
2.94e+08    -6.585    -4.895    17.65
2.95e+08    -6.585    -4.895    17.67
2.96e+08    -6.585    -4.895    17.68
2.97e+08    -6.585    -4.905    17.68
2.98e+08    -6.585    -4.905    17.69
2.99e+08    -6.585    -4.905    17.71
3e+08    -6.585    -4.915    17.71
3.01e+08    -6.585    -4.915    17.71
3.02e+08    -6.585    -4.915    17.72
3.03e+08    -6.585    -4.915    17.74
3.04e+08    -6.585    -4.925    17.75
3.05e+08    -6.585    -4.925    17.75
3.06e+08    -6.585    -4.925    17.75
3.07e+08    -6.585    -4.925    17.76
3.08e+08    -6.585    -4.935    17.78
3.09e+08    -6.585    -4.935    17.78
3.1e+08    -6.585    -4.935    17.79
3.11e+08    -6.585    -4.935    17.79
3.12e+08    -6.585    -4.945    17.8
3.13e+08    -6.585    -4.945    17.82
3.14e+08    -6.585    -4.945    17.82
3.15e+08    -6.585    -4.945    17.82
3.16e+08    -6.585    -4.955    17.83
3.17e+08    -6.585    -4.955    17.85
3.18e+08    -6.585    -4.955    17.85
3.19e+08    -6.585    -4.955    17.86
3.2e+08    -6.585    -4.965    17.86
3.21e+08    -6.585    -4.965    17.87
3.22e+08    -6.585    -4.965    17.87
3.23e+08    -6.585    -4.965    17.89
3.24e+08    -6.585    -4.975    17.89
3.25e+08    -6.585    -4.975    17.9
3.26e+08    -6.585    -4.975    17.9
3.27e+08    -6.585    -4.975    17.92
3.28e+08    -6.585    -4.985    17.93
3.29e+08    -6.585    -4.985    17.93
3.3e+08    -6.585    -4.985    17.93
3.31e+08    -6.585    -4.985    17.94
3.32e+08    -6.585    -4.995    17.96
3.33e+08    -6.585    -4.995    17.96
3.34e+08    -6.585    -4.995    17.96
3.35e+08    -6.585    -4.995    17.97
3.36e+08    -6.585    -5.005    17.99
3.37e+08    -6.585    -5.005    17.99
3.38e+08    -6.585    -5.005    18
3.39e+08    -6.585    -5.005    18
3.4e+08    -6.585    -5.015    18
3.41e+08    -6.585    -5.015    18.01
3.42e+08    -6.585    -5.015    18.03
3.43e+08    -6.585    -5.015    18.03
3.44e+08    -6.585    -5.015    18.04
3.45e+08    -6.585    -5.025    18.04
3.46e+08    -6.585    -5.025    18.05
3.47e+08    -6.585    -5.025    18.05
3.48e+08    -6.585    -5.025    18.07
3.49e+08    -6.585    -5.035    18.07
3.5e+08    -6.585    -5.035    18.07
3.51e+08    -6.585    -5.035    18.08
3.52e+08    -6.585    -5.035    18.1
3.53e+08    -6.585    -5.035    18.1
3.54e+08    -6.585    -5.045    18.11
3.55e+08    -6.585    -5.045    18.11
3.56e+08    -6.585    -5.045    18.11
3.57e+08    -6.585    -5.045    18.12
3.58e+08    -6.585    -5.055    18.14
3.59e+08    -6.585    -5.055    18.14
3.6e+08    -6.585    -5.055    18.14
3.61e+08    -6.585    -5.055    18.15
3.62e+08    -6.585    -5.055    18.15
3.63e+08    -6.585    -5.065    18.17
3.64e+08    -6.585    -5.065    18.18
3.65e+08    -6.585    -5.065    18.18
3.66e+08    -6.585    -5.065    18.18
3.67e+08    -6.585    -5.075    18.19
3.68e+08    -6.585    -5.075    18.19
3.69e+08    -6.585    -5.075    18.21
3.7e+08    -6.585    -5.075    18.21
3.71e+08    -6.585    -5.075    18.21
3.72e+08    -6.585    -5.085    18.22
3.73e+08    -6.585    -5.085    18.24
3.74e+08    -6.585    -5.085    18.24
3.75e+08    -6.585    -5.085    18.25
3.76e+08    -6.585    -5.085    18.25
3.77e+08    -6.585    -5.095    18.25
3.78e+08    -6.585    -5.095    18.26
3.79e+08    -6.585    -5.095    18.26
3.8e+08    -6.585    -5.095    18.28
3.81e+08    -6.585    -5.095    18.29
3.82e+08    -6.585    -5.105    18.29
3.83e+08    -6.585    -5.105    18.29
3.84e+08    -6.585    -5.105    18.3
3.85e+08    -6.585    -5.105    18.3
3.86e+08    -6.585    -5.115    18.32
3.87e+08    -6.585    -5.115    18.32
3.88e+08    -6.585    -5.115    18.32
3.89e+08    -6.585    -5.115    18.33
3.9e+08    -6.585    -5.115    18.33
3.91e+08    -6.585    -5.125    18.35
3.92e+08    -6.585    -5.125    18.35
3.93e+08    -6.585    -5.125    18.36
3.94e+08    -6.585    -5.125    18.36
3.95e+08    -6.585    -5.125    18.36
3.96e+08    -6.585    -5.135    18.37
3.97e+08    -6.585    -5.135    18.37
3.98e+08    -6.585    -5.135    18.39
3.99e+08    -6.585    -5.135    18.39
4e+08    -6.585    -5.135    18.39
4.01e+08    -6.585    -5.135    18.4
4.02e+08    -6.585    -5.145    18.4
4.03e+08    -6.585    -5.145    18.42
4.04e+08    -6.585    -5.145    18.43
4.05e+08    -6.585    -5.145    18.43
4.06e+08    -6.585    -5.145    18.43
4.07e+08    -6.585    -5.155    18.43
4.08e+08    -6.585    -5.155    18.44
4.09e+08    -6.585    -5.155    18.46
4.1e+08    -6.585    -5.155    18.46
4.11e+08    -6.585    -5.155    18.46
4.12e+08    -6.585    -5.165    18.46
4.13e+08    -6.585    -5.165    18.47
4.14e+08    -6.585    -5.165    18.49
4.15e+08    -6.585    -5.165    18.49
4.16e+08    -6.585    -5.165    18.5
4.17e+08    -6.585    -5.175    18.5
4.18e+08    -6.585    -5.175    18.5
4.19e+08    -6.585    -5.175    18.5
4.2e+08    -6.585    -5.175    18.51
4.21e+08    -6.585    -5.175    18.53
4.22e+08    -6.585    -5.175    18.53
4.23e+08    -6.585    -5.185    18.54
4.24e+08    -6.585    -5.185    18.54
4.25e+08    -6.585    -5.185    18.54
4.26e+08    -6.585    -5.185    18.54
4.27e+08    -6.585    -5.185    18.55
4.28e+08    -6.585    -5.195    18.55
4.29e+08    -6.585    -5.195    18.57
4.3e+08    -6.585    -5.195    18.57
4.31e+08    -6.585    -5.195    18.57
4.32e+08    -6.585    -5.195    18.58
4.33e+08    -6.585    -5.195    18.58
4.34e+08    -6.585    -5.205    18.6
4.35e+08    -6.585    -5.205    18.6
4.36e+08    -6.585    -5.205    18.61
4.37e+08    -6.585    -5.205    18.61
4.38e+08    -6.585    -5.205    18.61
4.39e+08    -6.585    -5.215    18.61
4.4e+08    -6.585    -5.215    18.62
4.41e+08    -6.585    -5.215    18.64
4.42e+08    -6.585    -5.215    18.64
4.43e+08    -6.585    -5.215    18.64
4.44e+08    -6.585    -5.215    18.64
4.45e+08    -6.585    -5.225    18.65
4.46e+08    -6.585    -5.225    18.65
4.47e+08    -6.585    -5.225    18.67
4.48e+08    -6.585    -5.225    18.67
4.49e+08    -6.585    -5.225    18.68
4.5e+08    -6.585    -5.225    18.68
4.51e+08    -6.585    -5.235    18.68
4.52e+08    -6.585    -5.235    18.68
4.53e+08    -6.585    -5.235    18.69
4.54e+08    -6.585    -5.235    18.69
4.55e+08    -6.585    -5.235    18.71
4.56e+08    -6.585    -5.235    18.71
4.57e+08    -6.585    -5.245    18.71
4.58e+08    -6.585    -5.245    18.72
4.59e+08    -6.585    -5.245    18.72
4.6e+08    -6.585    -5.245    18.74
4.61e+08    -6.585    -5.245    18.74
4.62e+08    -6.585    -5.245    18.75
4.63e+08    -6.585    -5.255    18.75
4.64e+08    -6.585    -5.255    18.75
4.65e+08    -6.585    -5.255    18.75
4.66e+08    -6.585    -5.255    18.76
4.67e+08    -6.585    -5.255    18.76
4.68e+08    -6.585    -5.255    18.78
4.69e+08    -6.585    -5.265    18.78
4.7e+08    -6.585    -5.265    18.79
4.71e+08    -6.585    -5.265    18.79
4.72e+08    -6.585    -5.265    18.79
4.73e+08    -6.585    -5.265    18.79
4.74e+08    -6.585    -5.265    18.8
4.75e+08    -6.585    -5.275    18.8
4.76e+08    -6.585    -5.275    18.82
4.77e+08    -6.585    -5.275    18.82
4.78e+08    -6.585    -5.275    18.82
4.79e+08    -6.585    -5.275    18.82
4.8e+08    -6.585    -5.275    18.83
4.81e+08    -6.585    -5.285    18.83
4.82e+08    -6.585    -5.285    18.85
4.83e+08    -6.585    -5.285    18.85
4.84e+08    -6.585    -5.285    18.86
4.85e+08    -6.585    -5.285    18.86
4.86e+08    -6.585    -5.285    18.86
4.87e+08    -6.585    -5.285    18.86
4.88e+08    -6.585    -5.295    18.87
4.89e+08    -6.585    -5.295    18.87
4.9e+08    -6.585    -5.295    18.89
4.91e+08    -6.585    -5.295    18.89
4.92e+08    -6.585    -5.295    18.89
4.93e+08    -6.585    -5.295    18.89
4.94e+08    -6.585    -5.305    18.9
4.95e+08    -6.585    -5.305    18.9
4.96e+08    -6.585    -5.305    18.92
4.97e+08    -6.585    -5.305    18.92
4.98e+08    -6.585    -5.305    18.93
4.99e+08    -6.585    -5.305    18.93
5e+08    -6.585    -5.305    18.93
5.01e+08    -6.585    -5.315    18.93
5.02e+08    -6.585    -5.315    18.93
5.03e+08    -6.585    -5.315    18.94
5.04e+08    -6.585    -5.315    18.94
5.05e+08    -6.585    -5.315    18.96
5.06e+08    -6.585    -5.315    18.96
5.07e+08    -6.585    -5.325    18.96
5.08e+08    -6.585    -5.325    18.96
5.09e+08    -6.585    -5.325    18.97
5.1e+08    -6.585    -5.325    18.97
5.11e+08    -6.585    -5.325    18.99
5.12e+08    -6.585    -5.325    18.99
5.13e+08    -6.585    -5.325    19
5.14e+08    -6.585    -5.335    19
5.15e+08    -6.585    -5.335    19
5.16e+08    -6.585    -5.335    19
5.17e+08    -6.585    -5.335    19
5.18e+08    -6.585    -5.335    19.01
5.19e+08    -6.585    -5.335    19.01
5.2e+08    -6.585    -5.335    19.03
5.21e+08    -6.585    -5.345    19.03
5.22e+08    -6.585    -5.345    19.04
5.23e+08    -6.585    -5.345    19.04
5.24e+08    -6.585    -5.345    19.04
5.25e+08    -6.585    -5.345    19.04
5.26e+08    -6.585    -5.345    19.05
5.27e+08    -6.585    -5.345    19.05
5.28e+08    -6.585    -5.355    19.05
5.29e+08    -6.585    -5.355    19.07
5.3e+08    -6.585    -5.355    19.07
5.31e+08    -6.585    -5.355    19.07
5.32e+08    -6.585    -5.355    19.07
5.33e+08    -6.585    -5.355    19.08
5.34e+08    -6.585    -5.355    19.08
5.35e+08    -6.585    -5.365    19.1
5.36e+08    -6.585    -5.365    19.1
5.37e+08    -6.585    -5.365    19.1
5.38e+08    -6.585    -5.365    19.11
5.39e+08    -6.585    -5.365    19.11
5.4e+08    -6.585    -5.365    19.11
5.41e+08    -6.585    -5.365    19.11
5.42e+08    -6.585    -5.375    19.12
5.43e+08    -6.585    -5.375    19.12
5.44e+08    -6.585    -5.375    19.12
5.45e+08    -6.585    -5.375    19.14
5.46e+08    -6.585    -5.375    19.14
5.47e+08    -6.585    -5.375    19.14
5.48e+08    -6.585    -5.375    19.14
5.49e+08    -6.585    -5.385    19.15
5.5e+08    -6.585    -5.385    19.15
5.51e+08    -6.585    -5.385    19.17
5.52e+08    -6.585    -5.385    19.17
5.53e+08    -6.585    -5.385    19.17
5.54e+08    -6.585    -5.385    19.18
5.55e+08    -6.585    -5.385    19.18
5.56e+08    -6.585    -5.385    19.18
5.57e+08    -6.585    -5.395    19.18
5.58e+08    -6.585    -5.395    19.19
5.59e+08    -6.585    -5.395    19.19
5.6e+08    -6.585    -5.395    19.19
5.61e+08    -6.585    -5.395    19.21
5.62e+08    -6.585    -5.395    19.21
5.63e+08    -6.585    -5.395    19.21
5.64e+08    -6.585    -5.405    19.21
5.65e+08    -6.585    -5.405    19.21
5.66e+08    -6.585    -5.405    19.22
5.67e+08    -6.585    -5.405    19.22
5.68e+08    -6.585    -5.405    19.24
5.69e+08    -6.585    -5.405    19.24
5.7e+08    -6.585    -5.405    19.25
5.71e+08    -6.585    -5.405    19.25
5.72e+08    -6.585    -5.415    19.25
5.73e+08    -6.585    -5.415    19.25
5.74e+08    -6.585    -5.415    19.25
5.75e+08    -6.585    -5.415    19.26
5.76e+08    -6.585    -5.415    19.26
5.77e+08    -6.585    -5.415    19.26
5.78e+08    -6.585    -5.415    19.28
5.79e+08    -6.585    -5.425    19.28
5.8e+08    -6.585    -5.425    19.29
5.81e+08    -6.585    -5.425    19.29
5.82e+08    -6.585    -5.425    19.29
5.83e+08    -6.585    -5.425    19.29
5.84e+08    -6.585    -5.425    19.29
5.85e+08    -6.585    -5.425    19.31
5.86e+08    -6.585    -5.425    19.31
5.87e+08    -6.585    -5.435    19.32
5.88e+08    -6.585    -5.435    19.32
5.89e+08    -6.585    -5.435    19.32
5.9e+08    -6.585    -5.435    19.32
5.91e+08    -6.585    -5.435    19.32
5.92e+08    -6.585    -5.435    19.33
5.93e+08    -6.585    -5.435    19.33
5.94e+08    -6.585    -5.435    19.33
5.95e+08    -6.585    -5.445    19.35
5.96e+08    -6.585    -5.445    19.35
5.97e+08    -6.585    -5.445    19.36
5.98e+08    -6.585    -5.445    19.36
5.99e+08    -6.585    -5.445    19.36
6e+08    -6.585    -5.445    19.36
6.01e+08    -6.585    -5.445    19.36
6.02e+08    -6.585    -5.445    19.36
6.03e+08    -6.585    -5.455    19.37
6.04e+08    -6.585    -5.455    19.37
6.05e+08    -6.585    -5.455    19.39
6.06e+08    -6.585    -5.455    19.39
6.07e+08    -6.585    -5.455    19.39
6.08e+08    -6.585    -5.455    19.39
6.09e+08    -6.585    -5.455    19.39
6.1e+08    -6.585    -5.455    19.4
6.11e+08    -6.585    -5.465    19.4
6.12e+08    -6.585    -5.465    19.4
6.13e+08    -6.585    -5.465    19.42
6.14e+08    -6.585    -5.465    19.42
6.15e+08    -6.585    -5.465    19.43
6.16e+08    -6.585    -5.465    19.43
6.17e+08    -6.585    -5.465    19.43
6.18e+08    -6.585    -5.465    19.43
6.19e+08    -6.585    -5.475    19.43
6.2e+08    -6.585    -5.475    19.43
6.21e+08    -6.585    -5.475    19.44
6.22e+08    -6.585    -5.475    19.44
6.23e+08    -6.585    -5.475    19.46
6.24e+08    -6.585    -5.475    19.46
6.25e+08    -6.585    -5.475    19.46
6.26e+08    -6.585    -5.475    19.46
6.27e+08    -6.585    -5.475    19.46
6.28e+08    -6.585    -5.485    19.46
6.29e+08    -6.585    -5.485    19.47
6.3e+08    -6.585    -5.485    19.47
6.31e+08    -6.585    -5.485    19.49
6.32e+08    -6.585    -5.485    19.49
6.33e+08    -6.585    -5.485    19.49
6.34e+08    -6.585    -5.485    19.5
6.35e+08    -6.585    -5.485    19.5
6.36e+08    -6.585    -5.495    19.5
6.37e+08    -6.585    -5.495    19.5
6.38e+08    -6.585    -5.495    19.5
6.39e+08    -6.585    -5.495    19.51
6.4e+08    -6.585    -5.495    19.51
6.41e+08    -6.585    -5.495    19.51
6.42e+08    -6.585    -5.495    19.53
6.43e+08    -6.585    -5.495    19.53
6.44e+08    -6.585    -5.495    19.53
6.45e+08    -6.585    -5.505    19.54
6.46e+08    -6.585    -5.505    19.54
6.47e+08    -6.585    -5.505    19.54
6.48e+08    -6.585    -5.505    19.54
6.49e+08    -6.585    -5.505    19.54
6.5e+08    -6.585    -5.505    19.56
6.51e+08    -6.585    -5.505    19.56
6.52e+08    -6.585    -5.505    19.56
6.53e+08    -6.585    -5.505    19.57
6.54e+08    -6.585    -5.515    19.57
6.55e+08    -6.585    -5.515    19.57
6.56e+08    -6.585    -5.515    19.57
6.57e+08    -6.585    -5.515    19.57
6.58e+08    -6.585    -5.515    19.58
6.59e+08    -6.585    -5.515    19.58
6.6e+08    -6.585    -5.515    19.58
6.61e+08    -6.585    -5.515    19.6
6.62e+08    -6.585    -5.515    19.6
6.63e+08    -6.585    -5.525    19.6
6.64e+08    -6.585    -5.525    19.61
6.65e+08    -6.585    -5.525    19.61
6.66e+08    -6.585    -5.525    19.61
6.67e+08    -6.585    -5.525    19.61
6.68e+08    -6.585    -5.525    19.61
6.69e+08    -6.585    -5.525    19.61
6.7e+08    -6.585    -5.525    19.62
6.71e+08    -6.585    -5.525    19.62
6.72e+08    -6.585    -5.535    19.62
6.73e+08    -6.585    -5.535    19.64
6.74e+08    -6.585    -5.535    19.64
6.75e+08    -6.585    -5.535    19.64
6.76e+08    -6.585    -5.535    19.64
6.77e+08    -6.585    -5.535    19.64
6.78e+08    -6.585    -5.535    19.65
6.79e+08    -6.585    -5.535    19.65
6.8e+08    -6.585    -5.535    19.65
6.81e+08    -6.585    -5.545    19.67
6.82e+08    -6.585    -5.545    19.67
6.83e+08    -6.585    -5.545    19.67
6.84e+08    -6.585    -5.545    19.68
6.85e+08    -6.585    -5.545    19.68
6.86e+08    -6.585    -5.545    19.68
6.87e+08    -6.585    -5.545    19.68
6.88e+08    -6.585    -5.545    19.68
6.89e+08    -6.585    -5.545    19.68
6.9e+08    -6.585    -5.555    19.69
6.91e+08    -6.585    -5.555    19.69
6.92e+08    -6.585    -5.555    19.69
6.93e+08    -6.585    -5.555    19.71
6.94e+08    -6.585    -5.555    19.71
6.95e+08    -6.585    -5.555    19.71
6.96e+08    -6.585    -5.555    19.71
6.97e+08    -6.585    -5.555    19.71
6.98e+08    -6.585    -5.555    19.71
6.99e+08    -6.585    -5.555    19.72
7e+08    -6.585    -5.565    19.72
7.01e+08    -6.585    -5.565    19.72
7.02e+08    -6.585    -5.565    19.74
7.03e+08    -6.585    -5.565    19.74
7.04e+08    -6.585    -5.565    19.74
7.05e+08    -6.585    -5.565    19.75
7.06e+08    -6.585    -5.565    19.75
7.07e+08    -6.585    -5.565    19.75
7.08e+08    -6.585    -5.565    19.75
7.09e+08    -6.585    -5.575    19.75
7.1e+08    -6.585    -5.575    19.75
7.11e+08    -6.585    -5.575    19.76
7.12e+08    -6.585    -5.575    19.76
7.13e+08    -6.585    -5.575    19.76
7.14e+08    -6.585    -5.575    19.78
7.15e+08    -6.585    -5.575    19.78
7.16e+08    -6.585    -5.575    19.78
7.17e+08    -6.585    -5.575    19.79
7.18e+08    -6.585    -5.575    19.79
7.19e+08    -6.585    -5.585    19.79
7.2e+08    -6.585    -5.585    19.79
7.21e+08    -6.585    -5.585    19.79
7.22e+08    -6.585    -5.585    19.79
7.23e+08    -6.585    -5.585    19.81
7.24e+08    -6.585    -5.585    19.81
7.25e+08    -6.585    -5.585    19.81
7.26e+08    -6.585    -5.585    19.82
7.27e+08    -6.585    -5.585    19.82
7.28e+08    -6.585    -5.585    19.82
7.29e+08    -6.585    -5.595    19.82
7.3e+08    -6.585    -5.595    19.82
7.31e+08    -6.585    -5.595    19.82
7.32e+08    -6.585    -5.595    19.83
7.33e+08    -6.585    -5.595    19.83
7.34e+08    -6.585    -5.595    19.83
7.35e+08    -6.585    -5.595    19.85
7.36e+08    -6.585    -5.595    19.85
7.37e+08    -6.585    -5.595    19.85
7.38e+08    -6.585    -5.595    19.86
7.39e+08    -6.585    -5.605    19.86
7.4e+08    -6.585    -5.605    19.86
7.41e+08    -6.585    -5.605    19.86
7.42e+08    -6.585    -5.605    19.86
7.43e+08    -6.585    -5.605    19.86
7.44e+08    -6.585    -5.605    19.87
7.45e+08    -6.585    -5.605    19.87
7.46e+08    -6.585    -5.605    19.87
7.47e+08    -6.585    -5.605    19.87
7.48e+08    -6.585    -5.605    19.89
7.49e+08    -6.585    -5.615    19.89
7.5e+08    -6.585    -5.615    19.89
7.51e+08    -6.585    -5.615    19.89
7.52e+08    -6.585    -5.615    19.89
7.53e+08    -6.585    -5.615    19.89
7.54e+08    -6.585    -5.615    19.9
7.55e+08    -6.585    -5.615    19.9
7.56e+08    -6.585    -5.615    19.9
7.57e+08    -6.585    -5.615    19.92
7.58e+08    -6.585    -5.615    19.92
7.59e+08    -6.585    -5.625    19.92
7.6e+08    -6.585    -5.625    19.93
7.61e+08    -6.585    -5.625    19.93
7.62e+08    -6.585    -5.625    19.93
7.63e+08    -6.585    -5.625    19.93
7.64e+08    -6.585    -5.625    19.93
7.65e+08    -6.585    -5.625    19.93
7.66e+08    -6.585    -5.625    19.93
7.67e+08    -6.585    -5.625    19.94
7.68e+08    -6.585    -5.625    19.94
7.69e+08    -6.585    -5.625    19.94
7.7e+08    -6.585    -5.635    19.96
7.71e+08    -6.585    -5.635    19.96
7.72e+08    -6.585    -5.635    19.96
7.73e+08    -6.585    -5.635    19.96
7.74e+08    -6.585    -5.635    19.96
7.75e+08    -6.585    -5.635    19.96
7.76e+08    -6.585    -5.635    19.96
7.77e+08    -6.585    -5.635    19.97
7.78e+08    -6.585    -5.635    19.97
7.79e+08    -6.585    -5.635    19.97
7.8e+08    -6.585    -5.635    19.99
7.81e+08    -6.585    -5.645    19.99
7.82e+08    -6.585    -5.645    19.99
7.83e+08    -6.585    -5.645    20
7.84e+08    -6.585    -5.645    20
7.85e+08    -6.585    -5.645    20
7.86e+08    -6.585    -5.645    20
7.87e+08    -6.585    -5.645    20
7.88e+08    -6.585    -5.645    20
7.89e+08    -6.585    -5.645    20
7.9e+08    -6.585    -5.645    20.01
7.91e+08    -6.585    -5.655    20.01
7.92e+08    -6.585    -5.655    20.01
7.93e+08    -6.585    -5.655    20.03
7.94e+08    -6.585    -5.655    20.03
7.95e+08    -6.585    -5.655    20.03
7.96e+08    -6.585    -5.655    20.03
7.97e+08    -6.585    -5.655    20.04
7.98e+08    -6.585    -5.655    20.04
7.99e+08    -6.585    -5.655    20.04
8e+08    -6.585    -5.655    20.04
8.01e+08    -6.585    -5.655    20.04
8.02e+08    -6.585    -5.665    20.04
8.03e+08    -6.585    -5.665    20.04
8.04e+08    -6.585    -5.665    20.06
8.05e+08    -6.585    -5.665    20.06
8.06e+08    -6.585    -5.665    20.06
8.07e+08    -6.585    -5.665    20.07
8.08e+08    -6.585    -5.665    20.07
8.09e+08    -6.585    -5.665    20.07
8.1e+08    -6.585    -5.665    20.07
8.11e+08    -6.585    -5.665    20.07
8.12e+08    -6.585    -5.665    20.07
8.13e+08    -6.585    -5.665    20.07
8.14e+08    -6.585    -5.675    20.08
8.15e+08    -6.585    -5.675    20.08
8.16e+08    -6.585    -5.675    20.08
8.17e+08    -6.585    -5.675    20.1
8.18e+08    -6.585    -5.675    20.1
8.19e+08    -6.585    -5.675    20.1
8.2e+08    -6.585    -5.675    20.1
8.21e+08    -6.585    -5.675    20.11
8.22e+08    -6.585    -5.675    20.11
8.23e+08    -6.585    -5.675    20.11
8.24e+08    -6.585    -5.675    20.11
8.25e+08    -6.585    -5.685    20.11
8.26e+08    -6.585    -5.685    20.11
8.27e+08    -6.585    -5.685    20.11
8.28e+08    -6.585    -5.685    20.12
8.29e+08    -6.585    -5.685    20.12
8.3e+08    -6.585    -5.685    20.12
8.31e+08    -6.585    -5.685    20.14
8.32e+08    -6.585    -5.685    20.14
8.33e+08    -6.585    -5.685    20.14
8.34e+08    -6.585    -5.685    20.14
8.35e+08    -6.585    -5.685    20.14
8.36e+08    -6.585    -5.695    20.14
8.37e+08    -6.585    -5.695    20.14
8.38e+08    -6.585    -5.695    20.14
8.39e+08    -6.585    -5.695    20.15
8.4e+08    -6.585    -5.695    20.15
8.41e+08    -6.585    -5.695    20.15
8.42e+08    -6.585    -5.695    20.17
8.43e+08    -6.585    -5.695    20.17
8.44e+08    -6.585    -5.695    20.17
8.45e+08    -6.585    -5.695    20.17
8.46e+08    -6.585    -5.695    20.18
8.47e+08    -6.585    -5.695    20.18
8.48e+08    -6.585    -5.705    20.18
8.49e+08    -6.585    -5.705    20.18
8.5e+08    -6.585    -5.705    20.18
8.51e+08    -6.585    -5.705    20.18
8.52e+08    -6.585    -5.705    20.18
8.53e+08    -6.585    -5.705    20.19
8.54e+08    -6.585    -5.705    20.19
8.55e+08    -6.585    -5.705    20.19
8.56e+08    -6.585    -5.705    20.19
8.57e+08    -6.585    -5.705    20.21
8.58e+08    -6.585    -5.705    20.21
8.59e+08    -6.585    -5.705    20.21
8.6e+08    -6.585    -5.715    20.21
8.61e+08    -6.585    -5.715    20.21
8.62e+08    -6.585    -5.715    20.21
8.63e+08    -6.585    -5.715    20.21
8.64e+08    -6.585    -5.715    20.22
8.65e+08    -6.585    -5.715    20.22
8.66e+08    -6.585    -5.715    20.22
8.67e+08    -6.585    -5.715    20.22
8.68e+08    -6.585    -5.715    20.24
8.69e+08    -6.585    -5.715    20.24
8.7e+08    -6.585    -5.715    20.24
8.71e+08    -6.585    -5.715    20.25
8.72e+08    -6.585    -5.725    20.25
8.73e+08    -6.585    -5.725    20.25
8.74e+08    -6.585    -5.725    20.25
8.75e+08    -6.585    -5.725    20.25
8.76e+08    -6.585    -5.725    20.25
8.77e+08    -6.585    -5.725    20.25
8.78e+08    -6.585    -5.725    20.25
8.79e+08    -6.585    -5.725    20.26
8.8e+08    -6.585    -5.725    20.26
8.81e+08    -6.585    -5.725    20.26
8.82e+08    -6.585    -5.725    20.26
8.83e+08    -6.585    -5.725    20.28
8.84e+08    -6.585    -5.735    20.28
8.85e+08    -6.585    -5.735    20.28
8.86e+08    -6.585    -5.735    20.29
8.87e+08    -6.585    -5.735    20.29
8.88e+08    -6.585    -5.735    20.29
8.89e+08    -6.585    -5.735    20.29
8.9e+08    -6.585    -5.735    20.29
8.91e+08    -6.585    -5.735    20.29
8.92e+08    -6.585    -5.735    20.29
8.93e+08    -6.585    -5.735    20.29
8.94e+08    -6.585    -5.735    20.31
8.95e+08    -6.585    -5.735    20.31
8.96e+08    -6.585    -5.735    20.31
8.97e+08    -6.585    -5.745    20.31
8.98e+08    -6.585    -5.745    20.32
8.99e+08    -6.585    -5.745    20.32
9e+08    -6.585    -5.745    20.32
9.01e+08    -6.585    -5.745    20.32
9.02e+08    -6.585    -5.745    20.32
9.03e+08    -6.585    -5.745    20.32
9.04e+08    -6.585    -5.745    20.32
9.05e+08    -6.585    -5.745    20.33
9.06e+08    -6.585    -5.745    20.33
9.07e+08    -6.585    -5.745    20.33
9.08e+08    -6.585    -5.745    20.33
9.09e+08    -6.585    -5.755    20.35
9.1e+08    -6.585    -5.755    20.35
9.11e+08    -6.585    -5.755    20.35
9.12e+08    -6.585    -5.755    20.35
9.13e+08    -6.585    -5.755    20.36
9.14e+08    -6.585    -5.755    20.36
9.15e+08    -6.585    -5.755    20.36
9.16e+08    -6.585    -5.755    20.36
9.17e+08    -6.585    -5.755    20.36
9.18e+08    -6.585    -5.755    20.36
9.19e+08    -6.585    -5.755    20.36
9.2e+08    -6.585    -5.755    20.36
9.21e+08    -6.585    -5.755    20.37
9.22e+08    -6.585    -5.765    20.37
9.23e+08    -6.585    -5.765    20.37
9.24e+08    -6.585    -5.765    20.37
9.25e+08    -6.585    -5.765    20.39
9.26e+08    -6.585    -5.765    20.39
9.27e+08    -6.585    -5.765    20.39
9.28e+08    -6.585    -5.765    20.39
9.29e+08    -6.585    -5.765    20.39
9.3e+08    -6.585    -5.765    20.39
9.31e+08    -6.585    -5.765    20.39
9.32e+08    -6.585    -5.765    20.39
9.33e+08    -6.585    -5.765    20.4
9.34e+08    -6.585    -5.765    20.4
9.35e+08    -6.585    -5.775    20.4
9.36e+08    -6.585    -5.775    20.4
9.37e+08    -6.585    -5.775    20.42
9.38e+08    -6.585    -5.775    20.42
9.39e+08    -6.585    -5.775    20.42
9.4e+08    -6.585    -5.775    20.42
9.41e+08    -6.585    -5.775    20.43
9.42e+08    -6.585    -5.775    20.43
9.43e+08    -6.585    -5.775    20.43
9.44e+08    -6.585    -5.775    20.43
9.45e+08    -6.585    -5.775    20.43
9.46e+08    -6.585    -5.775    20.43
9.47e+08    -6.585    -5.775    20.43
9.48e+08    -6.585    -5.785    20.43
9.49e+08    -6.585    -5.785    20.44
9.5e+08    -6.585    -5.785    20.44
9.51e+08    -6.585    -5.785    20.44
9.52e+08    -6.585    -5.785    20.44
9.53e+08    -6.585    -5.785    20.46
9.54e+08    -6.585    -5.785    20.46
9.55e+08    -6.585    -5.785    20.46
9.56e+08    -6.585    -5.785    20.46
9.57e+08    -6.585    -5.785    20.46
9.58e+08    -6.585    -5.785    20.46
9.59e+08    -6.585    -5.785    20.46
9.6e+08    -6.585    -5.785    20.46
9.61e+08    -6.585    -5.785    20.47
9.62e+08    -6.585    -5.795    20.47
9.63e+08    -6.585    -5.795    20.47
9.64e+08    -6.585    -5.795    20.47
9.65e+08    -6.585    -5.795    20.49
9.66e+08    -6.585    -5.795    20.49
9.67e+08    -6.585    -5.795    20.49
9.68e+08    -6.585    -5.795    20.49
9.69e+08    -6.585    -5.795    20.5
9.7e+08    -6.585    -5.795    20.5
9.71e+08    -6.585    -5.795    20.5
9.72e+08    -6.585    -5.795    20.5
9.73e+08    -6.585    -5.795    20.5
9.74e+08    -6.585    -5.795    20.5
9.75e+08    -6.585    -5.805    20.5
9.76e+08    -6.585    -5.805    20.5
9.77e+08    -6.585    -5.805    20.5
9.78e+08    -6.585    -5.805    20.51
9.79e+08    -6.585    -5.805    20.51
9.8e+08    -6.585    -5.805    20.51
9.81e+08    -6.585    -5.805    20.51
9.82e+08    -6.585    -5.805    20.53
9.83e+08    -6.585    -5.805    20.53
9.84e+08    -6.585    -5.805    20.53
9.85e+08    -6.585    -5.805    20.53
9.86e+08    -6.585    -5.805    20.54
9.87e+08    -6.585    -5.805    20.54
9.88e+08    -6.585    -5.805    20.54
9.89e+08    -6.585    -5.815    20.54
9.9e+08    -6.585    -5.815    20.54
9.91e+08    -6.585    -5.815    20.54
9.92e+08    -6.585    -5.815    20.54
9.93e+08    -6.585    -5.815    20.54
9.94e+08    -6.585    -5.815    20.54
9.95e+08    -6.585    -5.815    20.56
9.96e+08    -6.585    -5.815    20.56
9.97e+08    -6.585    -5.815    20.56
9.98e+08    -6.585    -5.815    20.56
9.99e+08    -6.585    -5.815    20.57
1e+09    -6.585    -5.815    20.57
1.1e+09    -6.585    -5.885    20.785
1.2e+09    -6.585    -5.945    20.985
1.3e+09    -6.585    -6.005    21.175
1.4e+09    -6.585    -6.055    21.345
1.5e+09    -6.585    -6.105    21.505
1.6e+09    -6.585    -6.145    21.655
1.7e+09    -6.585    -6.185    21.785
1.8e+09    -6.585    -6.225    21.915
1.9e+09    -6.585    -6.265    22.045
2e+09    -6.585    -6.295    22.155
2.1e+09    -6.585    -6.325    22.265
2.2e+09    -6.585    -6.355    22.375
2.3e+09    -6.585    -6.385    22.465
2.4e+09    -6.585    -6.415    22.565
2.5e+09    -6.585    -6.445    22.655
2.6e+09    -6.585    -6.465    22.735
2.7e+09    -6.585    -6.495    22.825
2.8e+09    -6.585    -6.515    22.905
2.9e+09    -6.585    -6.535    22.975
3e+09    -6.585    -6.565    23.045
