## Detector map, format:
## crate slot start_channel end_channel
sbs.hcal.detmap =
## FADC modules        #     Module number that starts at channel 0
## This map is for the 12 fADC modules used for testing
## as described in https://logbooks.jlab.org/entry/3480927
  10     4     0     15 #      0
  10     5     0     15 #     16
  10     6     0     15 #     32
  10     7     0     15 #     48
  10     8     0     15 #     64
  10     9     0     15 #     80
  10    10     0     15 #     96
  10    13     0     15 #     112
  10    14     0     15 #     128
  10    15     0     15 #     144
  10    16     0     15 #     160
  10    17     0     15 #     176
  11     4     0     15 #     192
  11     5     0     15 #     208
  11     6     0     15 #     224
  11     7     0     15 #     240
  11     8     0     15 #     256
  11     9     0     15 #     272

## Channel map from module to logical channel

## Channel map from channel to logical channel
#sbs.hcal.chanmap = 
#   0   1   2   3   4   5   6   7   8   9  10  11 
#  12  13  14  15  16  17  18  19  20  21  22  23
#  23  25  26  26  28  29  30  31  32  33  34  35
#  36  37  38  39  40  41  42  43  44  45  46  47
#  48  49  50  51  52  53  54  55  56  57  58  59
#  60  61  62  63  64  65  66  67  68  69  79  71
#  72  73  74  75  76  77  78  79  80  81  82  83
#  84  85  86  87  88  89  90  91  92  93  94  95
#  96  97  98  99 100 101 102 103 104 105 106 107
# 108 109 110 111 112 113 114 115 116 117 118 119
# 120 121 122 123 124 125 126 127 128 129 130 131
# 132 133 134 135 136 137 138 139 140 141 142 143
# 144 145 146 147 148 149 150 151 152 153 154 155
# 156 157 158 159 160 161 162 163 164 165 166 167
# 168 169 170 171 172 173 174 175 176 177 178 179
# 180 181 182 183 184 185 186 187 188 189 190 191
## Specify if the above channel map starts counting at 0 or 1
## (or really any other number)
#sbs.hcal.chanmap_start = 0


## Positions in [m] where +z is roated by sbs.theta
sbs.hcal.position = 0 0 0

## HCal is composed of 4 sub-assemblies each of 6x12 (row,col) modules

## Test settings for one sub-assembly
sbs.hcal.size  =  1.8567  0.9461  1.0000

## HCal is a matrix with nrows and ncols
## Numbers below are just a test so that it maches the number of used fADC's
sbs.hcal.ncols = 12
sbs.hcal.nrows = 24
#sbs.hcal.ncols = 1
#sbs.hcal.nrows = 1

## Position of first module
sbs.hcal.xy    =  0.92835  0.47305
## Space between modules
sbs.hcal.dxdy  =  0.00254  0.00254

## Mininum energy  for a cluster center (not really used right now)
sbs.hcal.emin  = 0.0

## Set the default pedestals
sbs.hcal.pedestal =
  0.00 0.00 0.00 0.00 0.00 0.00 0.00 0.00 0.00 0.00 0.00 0.00
  0.00 0.00 0.00 0.00 0.00 0.00 0.00 0.00 0.00 0.00 0.00 0.00
  0.00 0.00 0.00 0.00 0.00 0.00 0.00 0.00 0.00 0.00 0.00 0.00
  0.00 0.00 0.00 0.00 0.00 0.00 0.00 0.00 0.00 0.00 0.00 0.00
  0.00 0.00 0.00 0.00 0.00 0.00 0.00 0.00 0.00 0.00 0.00 0.00
  0.00 0.00 0.00 0.00 0.00 0.00 0.00 0.00 0.00 0.00 0.00 0.00
  0.00 0.00 0.00 0.00 0.00 0.00 0.00 0.00 0.00 0.00 0.00 0.00
  0.00 0.00 0.00 0.00 0.00 0.00 0.00 0.00 0.00 0.00 0.00 0.00
  0.00 0.00 0.00 0.00 0.00 0.00 0.00 0.00 0.00 0.00 0.00 0.00
  0.00 0.00 0.00 0.00 0.00 0.00 0.00 0.00 0.00 0.00 0.00 0.00
  0.00 0.00 0.00 0.00 0.00 0.00 0.00 0.00 0.00 0.00 0.00 0.00
  0.00 0.00 0.00 0.00 0.00 0.00 0.00 0.00 0.00 0.00 0.00 0.00
  0.00 0.00 0.00 0.00 0.00 0.00 0.00 0.00 0.00 0.00 0.00 0.00
  0.00 0.00 0.00 0.00 0.00 0.00 0.00 0.00 0.00 0.00 0.00 0.00
  0.00 0.00 0.00 0.00 0.00 0.00 0.00 0.00 0.00 0.00 0.00 0.00
  0.00 0.00 0.00 0.00 0.00 0.00 0.00 0.00 0.00 0.00 0.00 0.00
  0.00 0.00 0.00 0.00 0.00 0.00 0.00 0.00 0.00 0.00 0.00 0.00
  0.00 0.00 0.00 0.00 0.00 0.00 0.00 0.00 0.00 0.00 0.00 0.00
  0.00 0.00 0.00 0.00 0.00 0.00 0.00 0.00 0.00 0.00 0.00 0.00
  0.00 0.00 0.00 0.00 0.00 0.00 0.00 0.00 0.00 0.00 0.00 0.00
  0.00 0.00 0.00 0.00 0.00 0.00 0.00 0.00 0.00 0.00 0.00 0.00
  0.00 0.00 0.00 0.00 0.00 0.00 0.00 0.00 0.00 0.00 0.00 0.00
  0.00 0.00 0.00 0.00 0.00 0.00 0.00 0.00 0.00 0.00 0.00 0.00
  0.00 0.00 0.00 0.00 0.00 0.00 0.00 0.00 0.00 0.00 0.00 0.00


## Set the default gain (calibration factor)
sbs.hcal.gain =
  1.00 1.00 1.00 1.00 1.00 1.00 1.00 1.00 1.00 1.00 1.00 1.00
  1.00 1.00 1.00 1.00 1.00 1.00 1.00 1.00 1.00 1.00 1.00 1.00
  1.00 1.00 1.00 1.00 1.00 1.00 1.00 1.00 1.00 1.00 1.00 1.00
  1.00 1.00 1.00 1.00 1.00 1.00 1.00 1.00 1.00 1.00 1.00 1.00
  1.00 1.00 1.00 1.00 1.00 1.00 1.00 1.00 1.00 1.00 1.00 1.00
  1.00 1.00 1.00 1.00 1.00 1.00 1.00 1.00 1.00 1.00 1.00 1.00
  1.00 1.00 1.00 1.00 1.00 1.00 1.00 1.00 1.00 1.00 1.00 1.00
  1.00 1.00 1.00 1.00 1.00 1.00 1.00 1.00 1.00 1.00 1.00 1.00
  1.00 1.00 1.00 1.00 1.00 1.00 1.00 1.00 1.00 1.00 1.00 1.00
  1.00 1.00 1.00 1.00 1.00 1.00 1.00 1.00 1.00 1.00 1.00 1.00
  1.00 1.00 1.00 1.00 1.00 1.00 1.00 1.00 1.00 1.00 1.00 1.00
  1.00 1.00 1.00 1.00 1.00 1.00 1.00 1.00 1.00 1.00 1.00 1.00
  1.00 1.00 1.00 1.00 1.00 1.00 1.00 1.00 1.00 1.00 1.00 1.00
  1.00 1.00 1.00 1.00 1.00 1.00 1.00 1.00 1.00 1.00 1.00 1.00
  1.00 1.00 1.00 1.00 1.00 1.00 1.00 1.00 1.00 1.00 1.00 1.00
  1.00 1.00 1.00 1.00 1.00 1.00 1.00 1.00 1.00 1.00 1.00 1.00
  1.00 1.00 1.00 1.00 1.00 1.00 1.00 1.00 1.00 1.00 1.00 1.00
  1.00 1.00 1.00 1.00 1.00 1.00 1.00 1.00 1.00 1.00 1.00 1.00
  1.00 1.00 1.00 1.00 1.00 1.00 1.00 1.00 1.00 1.00 1.00 1.00
  1.00 1.00 1.00 1.00 1.00 1.00 1.00 1.00 1.00 1.00 1.00 1.00
  1.00 1.00 1.00 1.00 1.00 1.00 1.00 1.00 1.00 1.00 1.00 1.00
  1.00 1.00 1.00 1.00 1.00 1.00 1.00 1.00 1.00 1.00 1.00 1.00
  1.00 1.00 1.00 1.00 1.00 1.00 1.00 1.00 1.00 1.00 1.00 1.00
  1.00 1.00 1.00 1.00 1.00 1.00 1.00 1.00 1.00 1.00 1.00 1.00


